[3 6 1 5 2 4 0]
[[  2.8199   4.83     0.6768 -37.3117  -5.4328  -4.853 ]
 [  5.535    8.0303   1.7934 -26.8663  -6.4542   0.4308]
 [ 19.3504   8.4985   1.4685  -5.2551  13.3825  11.6932]
 [ 29.4595  13.679    3.4338  26.3741  21.7379  14.4568]
 [ 45.0659   9.9905   2.2201  77.3159  16.9334  -8.8385]
 [ 73.9662  13.199    3.7417 147.0005 -32.5582  -5.9867]
 [ 82.7462  22.3344   5.518  101.5252  -4.2483  29.5516]]
[[0.4754 0.1114 0.1877 0.0341 0.1243 0.0548 0.0123]
 [0.3888 0.1805 0.1441 0.0867 0.1061 0.0629 0.0309]]
[]
Dictionary length 46
[]
Pruned length 40
1 iter, w_dict length = 40, Train -logL = -0.111
Dictionary length 169
[ 40  41  42  43  44  46  48  49  62  63  91  93  94 114 120 129 140 157]
Pruned length 75
2 iter, w_dict length = 75, Train -logL = -0.146
Dictionary length 123
[ 75  76  77  78  79  81  84  85  86  92  94  95  98  99 101 104 108 111
 113 118 119 122]
Pruned length 88
3 iter, w_dict length = 88, Train -logL = -0.156
Dictionary length 105
[ 88  89  90  91  92  93  94  95  99 100 101]
Pruned length 90
4 iter, w_dict length = 90, Train -logL = -0.159
Dictionary length 100
[90 91 92 93 94 95 96 97]
Pruned length 86
5 iter, w_dict length = 86, Train -logL = -0.159
Dictionary length 97
[86 87 88 89 90 91 92 94 96]
Pruned length 86
6 iter, w_dict length = 86, Train -logL = -0.160
[]
Final length of w_dict = 83
Done, w_dict length = 83


Acid dictionary
0.1961 3480 [1]
0.1323 2348 [3]
0.0933 1655 [2]
0.0622 1103 [6]
0.0486 861 [3 3]
0.0322 570 [4]
0.0250 443 [6 6]
0.0250 442 [3 3 3 3]
0.0204 362 [3 6]
0.0189 335 [5]
0.0159 282 [4 4]
0.0155 274 [2 4]
0.0154 273 [2 3 3]
0.0134 238 [1 3 1]
0.0128 227 [3 3 3 1]
0.0126 224 [2 2]
0.0106 188 [4 2]
0.0095 168 [3 3 1 3 3]
0.0095 167 [2 3 1]
0.0093 165 [5 6]
0.0083 147 [3 1 3 1]
0.0081 144 [3 2 3 3]
0.0076 135 [3 4]
0.0076 135 [6 5]
0.0075 132 [3 1 3 3]
0.0067 118 [6 6 6 6]
0.0062 109 [0 4]
0.0061 108 [5 4]
0.0061 107 [3 3 3 3 3 3 3]
0.0057 101 [2 3 2]
0.0056 98 [0 5]
0.0055 98 [3 3 3 1 3 3 3 3]
0.0054 96 [5 5]
0.0054 95 [3 0]
0.0053 94 [6 6 6 5]
0.0053 94 [5 0]
0.0050 88 [3 2 3 2]
0.0048 85 [6 6 6]
0.0048 85 [4 3]
0.0048 85 [3 2]
0.0044 77 [4 0]
0.0043 76 [3 5]
0.0040 70 [4 6]
0.0038 67 [6 6 5 6]
0.0037 65 [0 6]
0.0036 64 [6 6 6 6 6 6 6]
0.0036 64 [5 6 6 6]
0.0036 63 [3 3 3 3 3 3 3 3 3 3 3 3 3 3]
0.0036 63 [3 3 3 3 3 1 3 3]
0.0035 61 [5 6 6 5]
0.0034 60 [0 3]
0.0033 58 [5 5 5 5]
0.0031 55 [5 5 6 5]
0.0030 53 [1 0]
0.0029 52 [6 5 6 6]
0.0027 47 [5 6 5 5]
0.0027 47 [2 2 2 2]
0.0026 46 [1 1 1 1]
0.0026 45 [0 5 5 5]
0.0024 41 [5 0 0 5]
0.0023 41 [6 5 6 5]
0.0022 39 [0 1]
0.0021 37 [6 6 6 5 6 6 6 6]
0.0020 35 [3 3 2 3 3]
0.0020 35 [3 3 3 3 3 3 3 3 3 3]
0.0020 35 [3 3 3 3 1 3 3]
0.0019 33 [0 4 5 5]
0.0017 29 [5 5 5 6]
0.0016 28 [0 0]
0.0016 27 [6 6 6 6 6 6 6 5]
0.0015 26 [5 4 5 5]
0.0015 26 [2 2 3 2]
0.0014 25 [0 5 0 5]
0.0014 25 [6 6 6 6 6 6 6 6 6 6 6 6 6 6]
0.0014 25 [5 6 5]
0.0014 24 [5 6 5 6]
0.0012 21 [5 0 5 5]
0.0011 20 [5 6 6 6 6 6 6 6]
0.0008 14 [5 5 0 5]
0.0007 11 [0]
0.0003 5 [0 4 3]
0.0003 5 [3 3 3 1 3 3]
0.0000 0 [1 2]


non-Markovianity: Acid
0495 0033 inf [3 3 3 3 3 3 3 3 3 3 3 3 3 3]
1153 0257 inf [3 3 3 3 3 3 3 3 3 3]
2426 1190 220.32 [3 3 3 3 3 3 3]
0641 0282 74.24 [6 6 6 6 6 6 6]
0058 0003 44.79 [6 6 6 6 6 6 6 6 6 6 6 6 6 6]
6524 5492 44.77 [3 3 3 3]
0289 0164 17.82 [3 3 3 1 3 3 3 3]
0284 0163 16.92 [3 3 3 3 3 1 3 3]
0423 0273 16.33 [3 3 3 3 1 3 3]
2142 1782 16.27 [6 6 6 6]
0639 0456 15.29 [3 3 3 1 3 3]
0957 0761 11.15 [3 3 1 3 3]
0456 0342 8.35 [2 3 2]
0184 0123 6.38 [3 2 3 2]
0085 0047 6.23 [5 6 6 6 6 6 6 6]
0316 0236 6.21 [5 5 5 5]
0082 0045 6.05 [6 6 6 6 6 6 6 5]
0162 0107 6.03 [1 1 1 1]
0139 0092 5.28 [2 2 2 2]
1443 1282 5.08 [3 1 3 3]
0056 0029 5.02 [6 6 6 5 6 6 6 6]
0406 0331 4.17 [5 6 5]
0149 0107 3.87 [5 5 6 5]
0106 0073 3.54 [0 5 5 5]
0449 0381 3.15 [3 1 3 1]
3478 3292 3.03 [6 6 6]


