[3 6 1 5 2 4 0]
[[  2.8199   4.83     0.6768 -37.3117  -5.4328  -4.853 ]
 [  5.535    8.0303   1.7934 -26.8663  -6.4542   0.4308]
 [ 19.3504   8.4985   1.4685  -5.2551  13.3825  11.6932]
 [ 29.4595  13.679    3.4338  26.3741  21.7379  14.4568]
 [ 45.0659   9.9905   2.2201  77.3159  16.9334  -8.8385]
 [ 73.9662  13.199    3.7417 147.0005 -32.5582  -5.9867]
 [ 82.7462  22.3344   5.518  101.5252  -4.2483  29.5516]]
[[0.4754 0.1114 0.1877 0.0341 0.1243 0.0548 0.0123]
 [0.3888 0.1805 0.1441 0.0867 0.1061 0.0629 0.0309]]
[]
Dictionary length 42
[]
Pruned length 37
1 iter, w_dict length = 37, Train -logL = -0.064
Dictionary length 144
[ 37  38  39  45  54  56  59  74  75  84  86 100 101 133 135]
Pruned length 69
2 iter, w_dict length = 69, Train -logL = -0.085
Dictionary length 126
[ 69  70  71  72  73  75  76  79  80  82  85  89  98 100 103 106 108 113
 114 118 120 122 123 124 125]
Pruned length 67
3 iter, w_dict length = 67, Train -logL = -0.090
Dictionary length 94
[67 68 69 73 74 76 77 78 79 81 85 86 87 89 90 91 92]
Pruned length 71
4 iter, w_dict length = 71, Train -logL = -0.092
Dictionary length 91
[71 72 73 75 77 78 80 81 82 83 88 89 90]
Pruned length 65
5 iter, w_dict length = 65, Train -logL = -0.092
Dictionary length 83
[65 66 67 71 72 74 75 76 81 82]
Pruned length 64
6 iter, w_dict length = 64, Train -logL = -0.092
[]
Final length of w_dict = 64
Done, w_dict length = 64


Explo dictionary
0.2338 5818 [1]
0.1505 3745 [3]
0.0893 2221 [2]
0.0856 2129 [3 3]
0.0512 1274 [6]
0.0363 904 [2 3]
0.0328 816 [1 3]
0.0250 621 [3 1 3]
0.0239 594 [4]
0.0189 470 [6 6]
0.0170 422 [2 4]
0.0168 416 [5]
0.0167 416 [3 3 3 3]
0.0158 393 [4 3]
0.0152 378 [2 3 3 3]
0.0122 304 [4 2]
0.0111 276 [2 2]
0.0101 252 [3 3 1 3 3]
0.0089 222 [4 4]
0.0082 204 [5 6]
0.0069 172 [1 2]
0.0061 150 [3 3 1 3 3 3]
0.0060 148 [3 3 1 3]
0.0056 140 [2 3 2]
0.0053 131 [6 6 6 6]
0.0053 131 [3 3 3 3 3 3 3]
0.0050 123 [3 0]
0.0047 117 [3 3 1 3 3 3 3 3]
0.0045 112 [3 3 3 3 3 3 1 3]
0.0041 103 [0 3]
0.0038 94 [6 6 6 6 6 6 6]
0.0037 93 [5 6 6 6]
0.0037 92 [4 6]
0.0034 85 [6 6 6]
0.0033 81 [6 6 6 5]
0.0032 80 [6 5]
0.0031 77 [0 5]
0.0031 77 [2 3 2 3]
0.0029 71 [5 0]
0.0027 67 [5 4]
0.0025 61 [0 4]
0.0023 58 [4 0]
0.0023 56 [3 3 3 3 3 3 3 3 3 3]
0.0022 55 [3 3 3 3 3 3 3 3 3 3 3 3 3 3]
0.0021 51 [6 4]
0.0021 51 [6 5 6 5]
0.0019 46 [2 2 2 2]
0.0017 43 [1 1 1 1]
0.0016 40 [5 6 6 5]
0.0016 39 [5 5 6 5]
0.0015 36 [5 6 5 6]
0.0014 35 [6 6 5 6]
0.0014 34 [5 5]
0.0013 32 [5 5 5 5]
0.0013 32 [6 5 6 6]
0.0012 29 [6 5 5 5]
0.0011 28 [6 6 5 5]
0.0009 23 [0 3 3]
0.0009 23 [5 5 5 6]
0.0007 18 [0]
0.0007 16 [0 3 3 3]
0.0006 14 [0 4 1]
0.0005 11 [1 0 4 1]
0.0003 6 [3 0 5]


non-Markovianity: Explo
0511 0050 inf [3 3 3 3 3 3 3 3 3 3 3 3 3 3]
1367 0389 inf [3 3 3 3 3 3 3 3 3 3]
3236 1802 206.97 [3 3 3 3 3 3 3]
9548 8337 41.93 [3 3 3 3]
0498 0291 27.48 [3 3 3 3 3 3 1 3]
0313 0156 27.44 [6 6 6 6 6 6 6]
0495 0298 24.92 [3 3 1 3 3 3 3 3]
1127 0826 22.56 [3 3 1 3 3 3]
1747 1380 20.98 [3 3 1 3 3]
2727 2293 18.37 [3 3 1 3]
4340 3864 13.84 [3 1 3]
0722 0554 11.12 [2 3 2]
1434 1236 7.48 [6 6 6 6]
0346 0255 7.25 [2 3 2 3]
0255 0181 6.75 [1 1 1 1]
0159 0109 5.16 [2 2 2 2]
0115 0083 3.14 [5 5 5 5]


