[3 6 1 5 2 4 0]
[[  2.8199   4.83     0.6768 -37.3117  -5.4328  -4.853 ]
 [  5.535    8.0303   1.7934 -26.8663  -6.4542   0.4308]
 [ 19.3504   8.4985   1.4685  -5.2551  13.3825  11.6932]
 [ 29.4595  13.679    3.4338  26.3741  21.7379  14.4568]
 [ 45.0659   9.9905   2.2201  77.3159  16.9334  -8.8385]
 [ 73.9662  13.199    3.7417 147.0005 -32.5582  -5.9867]
 [ 82.7462  22.3344   5.518  101.5252  -4.2483  29.5516]]
[[0.4754 0.1114 0.1877 0.0341 0.1243 0.0548 0.0123]
 [0.3888 0.1805 0.1441 0.0867 0.1061 0.0629 0.0309]]
[]
Dictionary length 42
[]
Pruned length 37
1 iter, w_dict length = 37, Train -logL = -0.064
Dictionary length 144
[ 37  38  39  45  54  56  59  74  75  84  86 100 101 133 135]
Pruned length 68
2 iter, w_dict length = 68, Train -logL = -0.085
Dictionary length 125
[ 68  69  70  71  72  74  75  78  79  81  84  88  97  99 102 105 106 107
 112 113 119 121 122 123 124]
Pruned length 68
3 iter, w_dict length = 68, Train -logL = -0.090
Dictionary length 95
[68 69 70 74 75 77 78 79 80 82 86 87 88 90 91 92 93]
Pruned length 72
4 iter, w_dict length = 72, Train -logL = -0.092
Dictionary length 92
[72 73 74 76 78 79 81 82 83 84 89 90 91]
Pruned length 66
5 iter, w_dict length = 66, Train -logL = -0.092
Dictionary length 84
[66 67 68 72 73 75 76 77 82 83]
Pruned length 67
6 iter, w_dict length = 67, Train -logL = -0.092
[]
Final length of w_dict = 65
Done, w_dict length = 65


Explo dictionary
0.2337 5800 [1]
0.1498 3719 [3]
0.0891 2210 [2]
0.0860 2134 [3 3]
0.0512 1270 [6]
0.0363 902 [2 3]
0.0332 823 [1 3]
0.0250 620 [3 1 3]
0.0239 593 [4]
0.0190 470 [6 6]
0.0170 423 [2 4]
0.0168 416 [5]
0.0167 413 [3 3 3 3]
0.0158 392 [4 3]
0.0153 379 [2 3 3 3]
0.0122 303 [4 2]
0.0112 278 [2 2]
0.0102 252 [3 3 1 3 3]
0.0090 222 [4 4]
0.0081 201 [5 6]
0.0069 170 [1 2]
0.0061 151 [3 3 1 3 3 3]
0.0057 141 [3 3 1 3]
0.0057 140 [2 3 2]
0.0053 130 [6 6 6 6]
0.0052 129 [3 3 3 3 3 3 3]
0.0050 124 [3 0]
0.0048 118 [3 3 1 3 3 3 3 3]
0.0046 113 [3 3 3 3 3 3 1 3]
0.0041 101 [0 3]
0.0038 94 [6 6 6 6 6 6 6]
0.0037 93 [5 6 6 6]
0.0037 91 [4 6]
0.0035 86 [6 6 6]
0.0033 81 [6 6 6 5]
0.0032 79 [2 3 2 3]
0.0032 78 [6 5]
0.0032 78 [0 5]
0.0029 71 [5 0]
0.0027 67 [5 4]
0.0025 61 [0 4]
0.0023 57 [4 0]
0.0023 57 [3 3 3 3 3 3 3 3 3 3]
0.0022 54 [3 3 3 3 3 3 3 3 3 3 3 3 3 3]
0.0021 51 [6 5 6 5]
0.0020 50 [6 4]
0.0019 45 [2 2 2 2]
0.0018 43 [1 1 1 1]
0.0017 41 [5 6 6 5]
0.0016 38 [5 5 6 5]
0.0014 35 [5 6 5 6]
0.0014 34 [5 5]
0.0014 33 [6 6 5 6]
0.0013 33 [5 5 5 5]
0.0012 30 [6 5 6 6]
0.0011 27 [6 6 5 5]
0.0011 27 [6 5 5 5]
0.0010 24 [0 3 3]
0.0009 22 [5 5 5 6]
0.0007 18 [0]
0.0007 16 [0 3 3 3]
0.0006 14 [0 4 1]
0.0005 11 [1 0 4 1]
0.0003 8 [6 5 5 6]
0.0002 5 [3 0 5]


non-Markovianity: Explo
0511 0050 inf [3 3 3 3 3 3 3 3 3 3 3 3 3 3]
1366 0388 inf [3 3 3 3 3 3 3 3 3 3]
3235 1800 207.51 [3 3 3 3 3 3 3]
9546 8332 42.12 [3 3 3 3]
0311 0154 28.05 [6 6 6 6 6 6 6]
0497 0290 27.63 [3 3 3 3 3 3 1 3]
0495 0297 25.07 [3 3 1 3 3 3 3 3]
1126 0824 22.75 [3 3 1 3 3 3]
1745 1377 21.19 [3 3 1 3 3]
2724 2288 18.58 [3 3 1 3]
4336 3857 14.04 [3 1 3]
0722 0554 11.11 [2 3 2]
1430 1228 7.83 [6 6 6 6]
0346 0255 7.25 [2 3 2 3]
0254 0180 6.76 [1 1 1 1]
0159 0109 5.14 [2 2 2 2]
0115 0082 3.17 [5 5 5 5]


