[3 6 1 5 2 4 0]
[[  2.8199   4.83     0.6768 -37.3117  -5.4328  -4.853 ]
 [  5.535    8.0303   1.7934 -26.8663  -6.4542   0.4308]
 [ 19.3504   8.4985   1.4685  -5.2551  13.3825  11.6932]
 [ 29.4595  13.679    3.4338  26.3741  21.7379  14.4568]
 [ 45.0659   9.9905   2.2201  77.3159  16.9334  -8.8385]
 [ 73.9662  13.199    3.7417 147.0005 -32.5582  -5.9867]
 [ 82.7462  22.3344   5.518  101.5252  -4.2483  29.5516]]
[[0.4754 0.1114 0.1877 0.0341 0.1243 0.0548 0.0123]
 [0.3888 0.1805 0.1441 0.0867 0.1061 0.0629 0.0309]]
[]
Dictionary length 46
[]
Pruned length 39
1 iter, w_dict length = 39, Train -logL = -0.111
Dictionary length 167
[ 39  40  41  42  43  45  47  48  61  62  90  92  93 112 118 127 138 155]
Pruned length 74
2 iter, w_dict length = 74, Train -logL = -0.146
Dictionary length 116
[ 74  75  76  77  78  80  83  84  85  94  96  97  99 102 111 115]
Pruned length 84
3 iter, w_dict length = 84, Train -logL = -0.157
Dictionary length 101
[84 85 86 87 88 89 90 91 94 96 97]
Pruned length 88
4 iter, w_dict length = 88, Train -logL = -0.159
Dictionary length 97
[88 89 90 91 92 93 94 95]
Pruned length 84
5 iter, w_dict length = 84, Train -logL = -0.159
Dictionary length 94
[84 85 86 87 88 89 90 93]
Pruned length 82
6 iter, w_dict length = 82, Train -logL = -0.160
[]
Final length of w_dict = 81
Done, w_dict length = 81


Acid dictionary
0.1947 3245 [1]
0.1474 2456 [3]
0.0972 1619 [2]
0.0626 1043 [6]
0.0469 781 [3 3]
0.0375 624 [4]
0.0248 414 [6 6]
0.0229 382 [3 3 3 3]
0.0189 315 [3 6]
0.0187 311 [5]
0.0158 263 [4 4]
0.0157 261 [2 4]
0.0146 243 [2 3 3]
0.0126 210 [1 3 1]
0.0125 208 [2 2]
0.0120 199 [3 3 3 1]
0.0092 153 [5 6]
0.0091 150 [2 3 1]
0.0090 149 [4 2]
0.0087 144 [3 3 1 3 3]
0.0084 139 [3 2 3 3]
0.0081 135 [3 1 3 1]
0.0078 130 [3 4]
0.0075 124 [6 5]
0.0068 113 [3 1 3 3]
0.0067 111 [6 6 6 6]
0.0063 105 [0 4]
0.0060 100 [5 4]
0.0058 95 [2 3 2]
0.0055 91 [0 5]
0.0054 89 [5 5]
0.0053 88 [3 3 3 1 3 3 3 3]
0.0053 87 [3 0]
0.0053 87 [5 0]
0.0052 86 [6 6 6 5]
0.0051 85 [3 2 3 2]
0.0044 73 [6 6 6]
0.0042 70 [3 3 3 3 3 3]
0.0041 68 [4 0]
0.0041 68 [3 3 3 3 3 1 3 3]
0.0040 67 [3 3 3 3 3 3 3 3]
0.0039 64 [3 5]
0.0037 61 [6 6 5 6]
0.0036 60 [5 6 6 6]
0.0036 60 [0 6]
0.0036 59 [6 6 6 6 6 6 6]
0.0034 57 [5 6 6 5]
0.0033 55 [0 3]
0.0033 54 [5 5 5 5]
0.0033 54 [4 6]
0.0031 51 [1 0]
0.0030 50 [5 5 6 5]
0.0029 48 [6 5 6 6]
0.0026 44 [1 1 1 1]
0.0026 43 [5 6 5 5]
0.0026 43 [2 2 2 2]
0.0025 41 [0 5 5 5]
0.0025 41 [3 3 3 1 3 3]
0.0023 38 [5 0 0 5]
0.0023 38 [6 5 6 5]
0.0022 35 [0 1]
0.0021 34 [6 6 6 5 6 6 6 6]
0.0019 32 [3 3 2 3 3]
0.0018 30 [0 4 5 5]
0.0016 26 [5 5 5 6]
0.0016 26 [2 2 3 2]
0.0016 26 [3 3 3 3 3 3 3 3 3 3 3 3 3 3 3 3]
0.0016 26 [6 6 6 6 6 6 6 5]
0.0015 25 [0 0]
0.0015 24 [5 4 5 5]
0.0015 24 [5 6 5]
0.0014 24 [3 3 3 3 3 3 3 3 3 3 3 3]
0.0014 23 [5 6 5 6]
0.0014 23 [6 6 6 6 6 6 6 6 6 6 6 6 6 6]
0.0014 23 [0 5 0 5]
0.0013 21 [5 0 5 5]
0.0012 19 [3 3 3 3 3 3 3 3 3 3 3 3 3 3]
0.0011 18 [5 6 6 6 6 6 6 6]
0.0007 12 [5 5 0 5]
0.0006 9 [0]
0.0002 4 [0 0 3]


non-Markovianity: Acid
0333 0012 inf [3 3 3 3 3 3 3 3 3 3 3 3 3 3 3 3]
0496 0033 inf [3 3 3 3 3 3 3 3 3 3 3 3 3 3]
0750 0093 inf [3 3 3 3 3 3 3 3 3 3 3 3]
1858 0718 277.98 [3 3 3 3 3 3 3 3]
3263 1988 155.47 [3 3 3 3 3 3]
0648 0293 71.03 [6 6 6 6 6 6 6]
6529 5502 44.34 [3 3 3 3]
0059 0004 44.22 [6 6 6 6 6 6 6 6 6 6 6 6 6 6]
0290 0166 17.52 [3 3 3 1 3 3 3 3]
0285 0165 16.63 [3 3 3 3 3 1 3 3]
0641 0460 14.92 [3 3 3 1 3 3]
2158 1814 14.75 [6 6 6 6]
0960 0767 10.79 [3 3 1 3 3]
0455 0341 8.41 [2 3 2]
0184 0123 6.42 [3 2 3 2]
0316 0236 6.18 [5 5 5 5]
0164 0110 5.87 [1 1 1 1]
0086 0049 5.80 [5 6 6 6 6 6 6 6]
0083 0047 5.63 [6 6 6 6 6 6 6 5]
0139 0092 5.29 [2 2 2 2]
1447 1291 4.82 [3 1 3 3]
0056 0030 4.75 [6 6 6 5 6 6 6 6]
0408 0334 4.07 [5 6 5]
0150 0108 3.81 [5 5 6 5]
0106 0073 3.54 [0 5 5 5]


