[3 6 1 5 2 4 0]
[[  2.8199   4.83     0.6768 -37.3117  -5.4328  -4.853 ]
 [  5.535    8.0303   1.7934 -26.8663  -6.4542   0.4308]
 [ 19.3504   8.4985   1.4685  -5.2551  13.3825  11.6932]
 [ 29.4595  13.679    3.4338  26.3741  21.7379  14.4568]
 [ 45.0659   9.9905   2.2201  77.3159  16.9334  -8.8385]
 [ 73.9662  13.199    3.7417 147.0005 -32.5582  -5.9867]
 [ 82.7462  22.3344   5.518  101.5252  -4.2483  29.5516]]
[[0.4754 0.1114 0.1877 0.0341 0.1243 0.0548 0.0123]
 [0.3888 0.1805 0.1441 0.0867 0.1061 0.0629 0.0309]]
[]
Dictionary length 46
[]
Pruned length 38
1 iter, w_dict length = 38, Train -logL = -0.111
Dictionary length 164
[ 38  39  40  41  42  45  46  58  59  87  89  90 109 115 124 135 152]
Pruned length 73
2 iter, w_dict length = 73, Train -logL = -0.146
Dictionary length 119
[ 73  74  75  76  77  79  81  82  83  84  89  91  94  95  96  97 100 104
 109 115 118]
Pruned length 85
3 iter, w_dict length = 85, Train -logL = -0.156
Dictionary length 100
[82 85 86 87 88 89 90 91 92 95 97 98]
Pruned length 87
4 iter, w_dict length = 87, Train -logL = -0.159
Dictionary length 96
[87 88 89 90 91 92 93 94]
Pruned length 82
5 iter, w_dict length = 82, Train -logL = -0.159
Dictionary length 92
[82 83 84 85 86 87 88 91]
Pruned length 81
6 iter, w_dict length = 81, Train -logL = -0.159
[]
Final length of w_dict = 80
Done, w_dict length = 80


Acid dictionary
0.1933 3382 [1]
0.1474 2578 [3]
0.0972 1700 [2]
0.0624 1091 [6]
0.0469 820 [3 3]
0.0375 656 [4]
0.0249 435 [6 6]
0.0241 422 [3 3 3 3]
0.0189 330 [3 6]
0.0188 329 [5]
0.0158 276 [4 4]
0.0157 275 [2 4]
0.0147 257 [2 3 3]
0.0127 222 [1 3 1]
0.0125 219 [2 2]
0.0123 215 [3 3 3 1]
0.0096 168 [5 6]
0.0094 164 [3 3 1 3 3]
0.0091 159 [2 3 1]
0.0089 156 [4 2]
0.0083 145 [3 2 3 3]
0.0081 141 [3 1 3 1]
0.0079 137 [3 4]
0.0077 134 [6 5]
0.0071 124 [3 1 3 3]
0.0067 116 [6 6 6 6]
0.0063 110 [0 4]
0.0060 105 [5 4]
0.0060 104 [3 3 3 3 3 3 3]
0.0057 100 [2 3 2]
0.0055 95 [0 5]
0.0054 94 [3 3 3 1 3 3 3 3]
0.0053 93 [5 5]
0.0053 92 [5 0]
0.0053 92 [3 0]
0.0052 90 [6 6 6 5]
0.0051 89 [3 2 3 2]
0.0044 77 [6 6 6]
0.0041 72 [4 0]
0.0040 70 [3 5]
0.0036 63 [6 6 5 6]
0.0036 63 [0 6]
0.0036 62 [5 6 6 6]
0.0036 62 [6 6 6 6 6 6 6]
0.0035 61 [3 3 3 3 3 3 3 3 3 3 3 3 3 3]
0.0035 60 [5 6 6 5]
0.0034 59 [3 3 3 3 3 1 3 3]
0.0033 58 [5 5 6 5]
0.0033 57 [0 3]
0.0033 57 [4 6]
0.0032 56 [5 5 5 5]
0.0031 53 [1 0]
0.0029 49 [5 6 5 5]
0.0028 49 [6 5 6 6]
0.0026 45 [1 1 1 1]
0.0026 45 [2 2 2 2]
0.0026 45 [6 5 6 5]
0.0026 44 [0 5 5 5]
0.0023 40 [5 0 0 5]
0.0022 39 [3 3 3 3 1 3 3]
0.0022 38 [0 1]
0.0021 36 [6 6 6 5 6 6 6 6]
0.0020 34 [3 3 2 3 3]
0.0019 32 [3 3 3 3 3 3 3 3 3 3]
0.0018 31 [0 4 5 5]
0.0016 27 [2 2 3 2]
0.0016 27 [5 6 5 6]
0.0016 27 [6 6 6 6 6 6 6 5]
0.0016 27 [5 5 5 6]
0.0015 26 [0 0]
0.0015 25 [5 4 5 5]
0.0014 24 [0 5 0 5]
0.0014 24 [6 6 6 6 6 6 6 6 6 6 6 6 6 6]
0.0012 21 [5 0 5 5]
0.0011 19 [5 6 6 6 6 6 6 6]
0.0008 14 [5 5 0 5]
0.0006 10 [0]
0.0004 7 [1 1]
0.0003 4 [0 0 3]
0.0001 2 [3 3 3 1 3 3]


non-Markovianity: Acid
0496 0033 inf [3 3 3 3 3 3 3 3 3 3 3 3 3 3]
1154 0259 inf [3 3 3 3 3 3 3 3 3 3]
2428 1194 219.20 [3 3 3 3 3 3 3]
0646 0289 72.19 [6 6 6 6 6 6 6]
0059 0004 44.50 [6 6 6 6 6 6 6 6 6 6 6 6 6 6]
6528 5501 44.38 [3 3 3 3]
0290 0165 17.63 [3 3 3 1 3 3 3 3]
0285 0164 16.74 [3 3 3 3 3 1 3 3]
0424 0275 16.14 [3 3 3 3 1 3 3]
2153 1803 15.26 [6 6 6 6]
0641 0458 15.07 [3 3 3 1 3 3]
0959 0765 10.95 [3 3 1 3 3]
0455 0341 8.38 [2 3 2]
0184 0123 6.41 [3 2 3 2]
0315 0234 6.33 [5 5 5 5]
0162 0107 6.07 [1 1 1 1]
0086 0048 5.99 [5 6 6 6 6 6 6 6]
0082 0046 5.80 [6 6 6 6 6 6 6 5]
0140 0093 5.23 [2 2 2 2]
1446 1287 4.94 [3 1 3 3]
0056 0029 4.88 [6 6 6 5 6 6 6 6]
0149 0107 3.92 [5 5 6 5]
0106 0072 3.58 [0 5 5 5]
0450 0383 3.06 [3 1 3 1]


