[3 6 1 5 2 4 0]
[[  2.8199   4.83     0.6768 -37.3117  -5.4328  -4.853 ]
 [  5.535    8.0303   1.7934 -26.8663  -6.4542   0.4308]
 [ 19.3504   8.4985   1.4685  -5.2551  13.3825  11.6932]
 [ 29.4595  13.679    3.4338  26.3741  21.7379  14.4568]
 [ 45.0659   9.9905   2.2201  77.3159  16.9334  -8.8385]
 [ 73.9662  13.199    3.7417 147.0005 -32.5582  -5.9867]
 [ 82.7462  22.3344   5.518  101.5252  -4.2483  29.5516]]
[[0.4754 0.1114 0.1877 0.0341 0.1243 0.0548 0.0123]
 [0.3888 0.1805 0.1441 0.0867 0.1061 0.0629 0.0309]]
[]
Dictionary length 42
[]
Pruned length 37
1 iter, w_dict length = 37, Train -logL = -0.064
Dictionary length 144
[ 37  38  39  45  54  56  59  74  75  84  86 100 101 133 135]
Pruned length 70
2 iter, w_dict length = 70, Train -logL = -0.085
Dictionary length 127
[ 70  71  72  73  74  76  77  80  81  83  86  90  99 101 104 107 108 109
 110 114 115 121 123 124 126]
Pruned length 76
3 iter, w_dict length = 76, Train -logL = -0.090
Dictionary length 104
[ 76  77  78  80  82  83  85  86  87  88  90  94  95  96  98  99 101 102]
Pruned length 78
4 iter, w_dict length = 78, Train -logL = -0.092
Dictionary length 97
[78 79 80 82 84 85 87 88 89 90 94 95 96]
Pruned length 71
5 iter, w_dict length = 71, Train -logL = -0.092
Dictionary length 89
[71 72 73 77 78 80 81 82 84 85 87 88]
Pruned length 66
6 iter, w_dict length = 66, Train -logL = -0.092
[]
Final length of w_dict = 66
Done, w_dict length = 66


Explo dictionary
0.2337 5811 [1]
0.1510 3756 [3]
0.0893 2221 [2]
0.0854 2123 [3 3]
0.0511 1270 [6]
0.0363 903 [2 3]
0.0329 818 [1 3]
0.0247 614 [3 1 3]
0.0239 595 [4]
0.0191 475 [6 6]
0.0170 422 [2 4]
0.0167 416 [3 3 3 3]
0.0167 416 [5]
0.0158 392 [4 3]
0.0152 378 [2 3 3 3]
0.0122 304 [4 2]
0.0112 277 [2 2]
0.0101 251 [3 3 1 3 3]
0.0090 222 [4 4]
0.0079 195 [5 6]
0.0068 170 [1 2]
0.0061 151 [3 3 1 3]
0.0061 151 [3 3 1 3 3 3]
0.0057 140 [2 3 2]
0.0053 131 [6 6 6 6]
0.0052 130 [3 3 3 3 3 3 3]
0.0050 123 [3 0]
0.0047 117 [3 3 1 3 3 3 3 3]
0.0046 113 [3 3 3 3 3 3 1 3]
0.0041 102 [0 3]
0.0038 94 [6 6 6 6 6 6 6]
0.0037 93 [5 6 6 6]
0.0037 91 [4 6]
0.0033 82 [6 6 6]
0.0033 81 [6 6 6 5]
0.0031 77 [0 5]
0.0031 76 [2 3 2 3]
0.0031 75 [6 5]
0.0029 72 [5 0]
0.0027 66 [5 4]
0.0025 61 [0 4]
0.0023 57 [4 0]
0.0023 57 [3 3 3 3 3 3 3 3 3 3]
0.0022 54 [3 3 3 3 3 3 3 3 3 3 3 3 3 3]
0.0021 51 [6 4]
0.0019 47 [6 5 6 5]
0.0019 46 [2 2 2 2]
0.0018 43 [1 1 1 1]
0.0016 39 [5 6 6 5]
0.0014 35 [6 6 5 6]
0.0014 34 [5 5 6 5]
0.0014 33 [5 5]
0.0013 33 [5 6 5 6]
0.0013 33 [5 5 5 5]
0.0013 31 [6 5 6 6]
0.0011 28 [6 5 5 5]
0.0011 27 [6 6 5 5]
0.0010 23 [0 3 3]
0.0009 22 [5 5 5 6]
0.0007 17 [0]
0.0007 16 [0 3 3 3]
0.0006 16 [5 6 5]
0.0006 14 [0 4 1]
0.0005 11 [1 0 4 1]
0.0004 11 [6 5 5 6]
0.0003 6 [3 0 5]


non-Markovianity: Explo
0511 0050 inf [3 3 3 3 3 3 3 3 3 3 3 3 3 3]
1367 0389 inf [3 3 3 3 3 3 3 3 3 3]
3236 1803 206.70 [3 3 3 3 3 3 3]
9549 8339 41.83 [3 3 3 3]
0312 0155 27.76 [6 6 6 6 6 6 6]
0498 0291 27.49 [3 3 3 3 3 3 1 3]
0495 0297 24.95 [3 3 1 3 3 3 3 3]
1126 0826 22.62 [3 3 1 3 3 3]
1746 1379 21.06 [3 3 1 3 3]
2726 2291 18.46 [3 3 1 3]
4338 3860 13.94 [3 1 3]
0722 0554 11.11 [2 3 2]
1432 1233 7.64 [6 6 6 6]
0346 0255 7.25 [2 3 2 3]
0254 0179 6.86 [1 1 1 1]
0159 0109 5.18 [2 2 2 2]
0115 0082 3.14 [5 5 5 5]


