[3 6 1 5 2 4 0]
[[  2.8199   4.83     0.6768 -37.3117  -5.4328  -4.853 ]
 [  5.535    8.0303   1.7934 -26.8663  -6.4542   0.4308]
 [ 19.3504   8.4985   1.4685  -5.2551  13.3825  11.6932]
 [ 29.4595  13.679    3.4338  26.3741  21.7379  14.4568]
 [ 45.0659   9.9905   2.2201  77.3159  16.9334  -8.8385]
 [ 73.9662  13.199    3.7417 147.0005 -32.5582  -5.9867]
 [ 82.7462  22.3344   5.518  101.5252  -4.2483  29.5516]]
[[0.4754 0.1114 0.1877 0.0341 0.1243 0.0548 0.0123]
 [0.3888 0.1805 0.1441 0.0867 0.1061 0.0629 0.0309]]
[]
Dictionary length 42
[]
Pruned length 37
1 iter, w_dict length = 37, Train -logL = -0.064
Dictionary length 144
[ 37  38  39  45  54  56  59  74  75  84  86 100 101 133 135]
Pruned length 67
2 iter, w_dict length = 67, Train -logL = -0.085
Dictionary length 120
[ 67  68  69  70  71  73  74  77  78  82  85  94  96 101 103 107 108 109
 112 114 116 117 118 119]
Pruned length 66
3 iter, w_dict length = 66, Train -logL = -0.090
Dictionary length 93
[66 67 68 72 73 75 76 77 79 84 85 86 88 89 90 91]
Pruned length 71
4 iter, w_dict length = 71, Train -logL = -0.092
Dictionary length 89
[71 72 73 75 77 78 80 81 82 84 86 87 88]
Pruned length 67
5 iter, w_dict length = 67, Train -logL = -0.092
Dictionary length 85
[67 68 69 73 74 76 77 78 83 84]
Pruned length 66
6 iter, w_dict length = 66, Train -logL = -0.092
[]
Final length of w_dict = 65
Done, w_dict length = 65


Explo dictionary
0.2339 5805 [1]
0.1506 3737 [3]
0.0894 2217 [2]
0.0853 2117 [3 3]
0.0512 1271 [6]
0.0363 901 [2 3]
0.0329 816 [1 3]
0.0248 615 [3 1 3]
0.0239 594 [4]
0.0191 472 [6 6]
0.0170 421 [2 4]
0.0168 416 [3 3 3 3]
0.0168 416 [5]
0.0158 391 [4 3]
0.0152 378 [2 3 3 3]
0.0123 304 [4 2]
0.0111 276 [2 2]
0.0101 251 [3 3 1 3 3]
0.0089 220 [4 4]
0.0082 204 [5 6]
0.0068 169 [1 2]
0.0061 151 [3 3 1 3 3 3]
0.0060 148 [3 3 1 3]
0.0056 139 [2 3 2]
0.0053 131 [6 6 6 6]
0.0052 129 [3 3 3 3 3 3 3]
0.0050 122 [3 0]
0.0047 117 [3 3 1 3 3 3 3 3]
0.0046 112 [3 3 3 3 3 3 1 3]
0.0041 101 [0 3]
0.0038 94 [6 6 6 6 6 6 6]
0.0037 92 [5 6 6 6]
0.0037 91 [4 6]
0.0033 82 [6 6 6]
0.0033 81 [6 6 6 5]
0.0033 81 [6 5]
0.0031 77 [2 3 2 3]
0.0031 77 [0 5]
0.0029 71 [5 0]
0.0027 67 [5 4]
0.0025 61 [0 4]
0.0023 57 [3 3 3 3 3 3 3 3 3 3]
0.0023 57 [4 0]
0.0022 53 [3 3 3 3 3 3 3 3 3 3 3 3 3 3]
0.0021 51 [6 5 6 5]
0.0020 50 [6 4]
0.0019 46 [2 2 2 2]
0.0017 42 [1 1 1 1]
0.0016 40 [5 6 6 5]
0.0016 39 [5 5 6 5]
0.0014 35 [5 6 5 6]
0.0014 35 [6 6 5 6]
0.0014 34 [5 5]
0.0013 32 [5 5 5 5]
0.0013 31 [6 5 6 6]
0.0012 28 [6 5 5 5]
0.0011 28 [6 6 5 5]
0.0010 25 [0 3 3]
0.0009 23 [5 5 5 6]
0.0007 18 [0]
0.0006 15 [0 3 3 3]
0.0006 14 [0 4 1]
0.0005 11 [1 0 4 1]
0.0003 6 [3 0 5]
0.0001 2 [3 3 4 4]


non-Markovianity: Explo
0511 0050 inf [3 3 3 3 3 3 3 3 3 3 3 3 3 3]
1367 0389 inf [3 3 3 3 3 3 3 3 3 3]
3236 1802 206.95 [3 3 3 3 3 3 3]
9549 8337 41.92 [3 3 3 3]
0498 0291 27.43 [3 3 3 3 3 3 1 3]
0313 0156 27.35 [6 6 6 6 6 6 6]
0495 0298 24.88 [3 3 1 3 3 3 3 3]
1127 0827 22.50 [3 3 1 3 3 3]
1747 1381 20.90 [3 3 1 3 3]
2727 2294 18.28 [3 3 1 3]
4341 3866 13.75 [3 1 3]
0721 0553 11.17 [2 3 2]
1435 1238 7.43 [6 6 6 6]
0346 0254 7.30 [2 3 2 3]
0256 0181 6.75 [1 1 1 1]
0159 0108 5.23 [2 2 2 2]
0117 0084 3.03 [5 5 5 5]


