[3 6 1 5 2 4 0]
[[  2.8199   4.83     0.6768 -37.3117  -5.4328  -4.853 ]
 [  5.535    8.0303   1.7934 -26.8663  -6.4542   0.4308]
 [ 19.3504   8.4985   1.4685  -5.2551  13.3825  11.6932]
 [ 29.4595  13.679    3.4338  26.3741  21.7379  14.4568]
 [ 45.0659   9.9905   2.2201  77.3159  16.9334  -8.8385]
 [ 73.9662  13.199    3.7417 147.0005 -32.5582  -5.9867]
 [ 82.7462  22.3344   5.518  101.5252  -4.2483  29.5516]]
[[0.4754 0.1114 0.1877 0.0341 0.1243 0.0548 0.0123]
 [0.3888 0.1805 0.1441 0.0867 0.1061 0.0629 0.0309]]
[]
Dictionary length 46
[]
Pruned length 38
1 iter, w_dict length = 38, Train -logL = -0.111
Dictionary length 165
[ 38  39  40  41  42  45  46  59  60  88  90  91 110 116 125 136 153]
Pruned length 74
2 iter, w_dict length = 74, Train -logL = -0.146
Dictionary length 115
[ 74  75  76  77  78  80  83  84  85  94  95  98 101 110 111 114]
Pruned length 84
3 iter, w_dict length = 84, Train -logL = -0.157
Dictionary length 101
[84 85 86 87 88 89 90 91 94 98 99]
Pruned length 87
4 iter, w_dict length = 87, Train -logL = -0.159
Dictionary length 96
[87 88 89 90 91 92 93 94]
Pruned length 84
5 iter, w_dict length = 84, Train -logL = -0.159
Dictionary length 93
[84 85 86 87 88 89 90 91 92]
Pruned length 84
6 iter, w_dict length = 84, Train -logL = -0.159
[]
Final length of w_dict = 82
Done, w_dict length = 82


Acid dictionary
0.1876 3277 [1]
0.1437 2510 [3]
0.1086 1897 [2]
0.0609 1063 [6]
0.0445 777 [3 3]
0.0373 651 [4]
0.0241 421 [6 6]
0.0241 420 [3 3 3 3]
0.0218 380 [3 1]
0.0194 339 [3 6]
0.0178 311 [5]
0.0158 275 [4 4]
0.0146 255 [2 4]
0.0138 240 [2 3 3]
0.0112 195 [2 2]
0.0095 165 [3 3 3 1]
0.0091 159 [4 2]
0.0089 155 [5 6]
0.0088 153 [1 3 1]
0.0083 145 [3 2 3 3]
0.0080 140 [3 3 1 3 3]
0.0080 139 [3 4]
0.0075 131 [6 5]
0.0072 125 [3 1 3 1]
0.0071 123 [3 1 3 3]
0.0065 113 [6 6 6 6]
0.0061 107 [0 4]
0.0060 104 [5 4]
0.0060 104 [2 3 2]
0.0054 95 [0 5]
0.0053 92 [3 2 3 2]
0.0053 92 [5 5]
0.0052 91 [3 3 3 1 3 3 3 3]
0.0052 91 [3 0]
0.0052 90 [6 6 6 5]
0.0051 89 [5 0]
0.0047 82 [6 6 6]
0.0043 74 [3 5]
0.0041 71 [3 3 3 3 3 1 3 3]
0.0041 71 [4 0]
0.0040 69 [3 3 3 3 3 3 3 3]
0.0039 68 [3 3 3 3 3 3]
0.0037 64 [6 6 5 6]
0.0036 63 [0 6]
0.0035 61 [5 6 6 6]
0.0035 61 [6 6 6 6 6 6 6]
0.0034 59 [0 3]
0.0034 59 [4 6]
0.0033 58 [5 6 6 5]
0.0032 56 [5 5 5 5]
0.0030 52 [5 5 6 5]
0.0029 51 [6 5 6 6]
0.0029 50 [1 0]
0.0027 47 [3 3 3 1 3 3]
0.0027 46 [1 1 1 1]
0.0026 46 [5 6 5 5]
0.0026 45 [2 2 2 2]
0.0025 44 [0 5 5 5]
0.0024 41 [6 5 6 5]
0.0023 40 [0 1]
0.0023 40 [5 0 0 5]
0.0022 38 [3 3 3 3 3 3 3 3 3 3 3 3]
0.0022 37 [3 3 2 3 3]
0.0021 36 [3 3 3 3 3 3 3 3 3 3 3 3 3 3 3 3]
0.0021 36 [6 6 6 5 6 6 6 6]
0.0018 31 [0 4 5 5]
0.0016 28 [5 5 5 6]
0.0016 27 [6 6 6 6 6 6 6 5]
0.0015 27 [0 0]
0.0015 26 [1 1]
0.0015 25 [5 4 5 5]
0.0014 25 [2 2 3 2]
0.0014 24 [6 6 6 6 6 6 6 6 6 6 6 6 6 6]
0.0014 24 [0 5 0 5]
0.0014 24 [5 6 5 6]
0.0014 23 [5 6 5]
0.0012 21 [5 0 5 5]
0.0011 19 [5 6 6 6 6 6 6 6]
0.0008 13 [5 5 0 5]
0.0006 10 [0]
0.0002 3 [1 0 4]
0.0000 0 [1 2]


non-Markovianity: Acid
0333 0012 inf [3 3 3 3 3 3 3 3 3 3 3 3 3 3 3 3]
0751 0094 inf [3 3 3 3 3 3 3 3 3 3 3 3]
1859 0721 276.29 [3 3 3 3 3 3 3 3]
3265 1994 154.17 [3 3 3 3 3 3]
0650 0294 70.90 [6 6 6 6 6 6 6]
0059 0004 44.41 [6 6 6 6 6 6 6 6 6 6 6 6 6 6]
6534 5512 43.79 [3 3 3 3]
0290 0166 17.41 [3 3 3 1 3 3 3 3]
0286 0166 16.53 [3 3 3 3 3 1 3 3]
0642 0461 14.84 [3 3 3 1 3 3]
2162 1819 14.58 [6 6 6 6]
0961 0768 10.75 [3 3 1 3 3]
0455 0341 8.43 [2 3 2]
0183 0123 6.44 [3 2 3 2]
0161 0106 6.18 [1 1 1 1]
0316 0236 6.18 [5 5 5 5]
0086 0049 5.81 [5 6 6 6 6 6 6 6]
0083 0047 5.64 [6 6 6 6 6 6 6 5]
0139 0092 5.32 [2 2 2 2]
1448 1292 4.80 [3 1 3 3]
0056 0030 4.77 [6 6 6 5 6 6 6 6]
0406 0331 4.19 [5 6 5]
0149 0107 3.88 [5 5 6 5]
0106 0073 3.54 [0 5 5 5]


